[Main]
Enable = true
CamIndex = 0


[Look]
LookTime = 0.000010
MouseLookTime = 0.000001
MouseCenterTimeout = 750
MouseSensitivity = 0.300000


[MountDefault]
Order = 0
MountPoint = 0
FOV = 56.000000
OffsetHeight = 0.000000
OffsetForward = 0.000000
OffsetSide = 0.000000
Pitch = 0.000000


[MountDefault.Lean]
CenterDist = 0.250000
ForwardDist = 0.050000
UpDist = 0.020000


[MountDefault.Movement]
Follow = true
RotationDirectionMult = 0.500000
RotationRotationMult = 0.050000
RotationMaxAngle = 45.000000
LongDeadzone = 0.000000
LongForwardMult = 0.050000
LongBackwardMult = 0.050000
LongForwardLimit = 0.070000
LongBackwardLimit = 0.070000
PitchDeadzone = 0.000000
PitchUpMult = 1.000000
PitchDownMult = 1.000000
PitchUpMaxAngle = 5.000000
PitchDownMaxAngle = 5.000000
LatDeadzone = 0.000000
LatMult = 0.040000
LatLimit = 0.020000
VertDeadzone = 0.000000
VertUpMult = 0.050000
VertDownMult = 0.100000
VertUpLimit = 0.050000
VertDownLimit = 0.060000
Roughness = 1.000000
ShakeSpeed = 0.005000
ShakeTerrain = 0.007000


[MountDefault.Horizon]
Lock = true
PitchMode = 2
CenterSpeed = 1.500000
PitchLim = 30.000000
RollLim = 45.000000


[MountDefault.DoF]
Enable = false
TargetSpeedMinDoF = 0.600000
TargetSpeedMaxDoF = 0.900000
TargetAccelMinDoF = 5.000000
TargetAccelMaxDoF = 9.800000
TargetAccelMinDoFMod = 0.100000
TargetAccelMaxDoFMod = 1.000000
NearOutFocusMinSpeedDist = 0.000000
NearOutFocusMaxSpeedDist = 0.500000
NearInFocusMinSpeedDist = 0.100000
NearInFocusMaxSpeedDist = 20.000000
FarInFocusMinSpeedDist = 100000.000000
FarInFocusMaxSpeedDist = 2000.000000
FarOutFocusMinSpeedDist = 100000.000000
FarOutFocusMaxSpeedDist = 10000.000000
